a
b
c
112723037
112723962
112788932
112855700
126091413
126091463
126091554
126091564
126091600
126091713
126091728
126091770
126091804
126156960
126158334
126158615
126222338
126222359
126222360
132645417
132645421
132645432
132645436
132645481
132647104
132710778
132710781
132710799
132711129
132711130
132711180
132711879
132711882
132711884
132711885
132711886
132711887
132711888
132776121
132776122
139331121
132776922
132776926
132776927
139264186
139265002
139265003
139265007
139265008
139265009
139265010
139265011
139265012
139265013
139265056
139265434
139329634
139330263
139330308
139330339
139330403
139330668
139330832
139331188
139331192
139331493
139331502
139331520
139331522
139331523
139331526
139331527
139331528
139395103
139395130
139395136
139395197
139395206
139395262
139395295
139395307
139395349
139395361
139395363
139395364
139395366
139395372
139395375
145817611
145817612
145817613
145817633
145817653
145818045
145818047
145818051
145818108
145883543
145883428
145883429
145883430
145883431
145883500
145883553
145883561
145883575
145948685
145948686
145948728
145948758
145948759
145948763
145948869
145949064
145949070
145949077
145949222
145949230
145949231
145949247
145949250
145949263
145949414
145949415
145949428
152502319
152502320
152502321
152502329
152502351
152502420
152502555
152502612
152502613
152502710
152567813
152567842
159055913
159055914
159055919
159055921
159055938
159055947
159055976
159055983
159055999
159056004
159056005
159056022
159056046
159056065
159121440
159121543
159121562
159121606
159121676
159121704
159121753
159121817
159121818
159121822
159121823
159121824
159121825
159121828
159121829
159121833
165609478
165609488
165609492
165609494
165609495
165609583
165609584
165609585
165609603
165675218
165675342
165675368
165675413
165675416
165675431
165675444
165675447
165675468
165675477
165675478
165675485
165675511
165675514
165675580
165675581
165675583
165675584
171966784
171966859
171966970
172032092
172032297
172032482
172032533
172032694
172032708
172032945
172033040
172033079
172097960
172098159
172098215
172163232
172163239
172163241
172163328
172163343
172164172
172228682
172228720
172228791
172228883
172228906
172228907
172228908
172228909
172228910
172228945
172294149
172294204
172294205
172294288
172294291
172294451
172294608
172294822
172294892
172294893
172294896
172294897
172295046
172359714
172359841
172359847
172360037
172360038
172360039
172360042
178521590
178521600
178521661
178521937
178585616
178585683
178585749
178585896
178586022
178586082
178586142
178586151
178651164
178651165
178651169
178651172
178651174
178651334
178651342
178782225
178782226
178782227
178782469
178782934
178783224
178783225
178783226
178783227
178783228
178783229
178783230
178783231
178783232
178848234
178848265
178848638
178848676
178848715
178848716
178848717
178848718
178848719
178848720
178913401
178913554
178913556
178913557
185073725
185073775
185074661
185139321
185139457
185139627
185139662
185140048
185140151
185140348	
185140469	
185140474	
191692856	
191693068	
191693343	
191693417	
191693567	
191693912	
191694098	
191758400	
191758556	
191758948	
198246414	
198246435	
198246465	
198246507	
198246682	
198246805	
198246808	
198311966	
152502852	
152502433	
152502441	
152502550	
152502620	
152502693	
152502754	
152502755	
152502756	
152502757	
152502770	
152502773	
152502821	
152502787	
159055883	
159055892	
159055893	
159055899	
159055910	
159055934	
159055954	
159055957	
159055971	
159055987	
159056000	
159056043	
159121516	
159121692
159055891
165675543
172163369
178716804
132646686
185401417
185140501
112985318
132776919
145883564
152371276
152371367
152371395
152371409
152371412
152371431
152371433
152371520
152371601
152371712
152371748
152372109
152372129
152372186
152436802
152436976
152436979
152437030
152437062
152437064
152437102
152437103
152437105
152437121
152437122
152437123
152437135
152437137
152437138
152437357
152502829
158925108
158925181
158925318
158990341
158990351
158990365
158990378
158990389
158990396
158990403
158990405
158990422
158990452
158990522
158990532
158990598
158990728
158990805
158990841
158990877
159121601
172032123
178716837
191693069
191693071
191693425
191693429
